b1c66a42-6f7d68ca 0.978 786.4 363.0 906.5 429.2
b1c66a42-6f7d68ca 0.943 40.8 350.9 133.5 399.6
b1c66a42-6f7d68ca 0.935 917.9 331.6 1224.0 479.3
b1c66a42-6f7d68ca 0.935 742.9 363.8 812.8 411.2
b1c66a42-6f7d68ca 0.921 880.6 379.9 965.6 453.0
b1c66a42-6f7d68ca 0.910 1278.5 231.8 1280.0 269.6
b1c66a42-6f7d68ca 0.910 1277.2 156.3 1280.0 208.6
b1c66a42-6f7d68ca 0.909 598.3 355.9 634.4 382.4
b1c66a42-6f7d68ca 0.836 247.1 351.2 351.5 396.4
b1c66a42-6f7d68ca 0.829 1.5 342.3 53.1 398.6
b1c66a42-6f7d68ca 0.782 150.9 297.6 226.3 375.7
b1c66a42-6f7d68ca 0.620 677.2 359.6 722.3 390.3
b1c66a42-6f7d68ca 0.596 724.9 364.8 760.6 403.8
b1c66a42-6f7d68ca 0.509 699.3 362.7 737.0 394.5
b1c66a42-6f7d68ca 0.495 635.6 209.3 689.9 291.5
b1c66a42-6f7d68ca 0.373 712.0 364.5 745.8 399.5
b1c66a42-6f7d68ca 0.325 737.7 364.9 783.0 407.6
b1c66a42-6f7d68ca 0.159 822.2 86.8 1051.0 251.3
b1c66a42-6f7d68ca 0.137 347.8 358.0 386.1 377.4
b1c66a42-6f7d68ca 0.127 194.2 341.7 264.7 386.4
b1c66a42-6f7d68ca 0.113 641.7 355.6 679.0 382.5
b1c66a42-6f7d68ca 0.094 219.7 178.4 277.7 228.0
b1c66a42-6f7d68ca 0.091 412.4 357.0 433.9 370.9
b1c66a42-6f7d68ca 0.085 360.1 357.4 386.6 371.8
b1c66a42-6f7d68ca 0.080 1276.7 187.1 1280.0 227.3
b1c66a42-6f7d68ca 0.073 375.5 359.3 401.8 372.9
b1c66a42-6f7d68ca 0.071 419.8 355.9 442.1 369.9
b1c66a42-6f7d68ca 0.060 417.3 350.5 440.3 364.1
b1c66a42-6f7d68ca 0.054 504.2 338.0 547.4 377.3
b1c66a42-6f7d68ca 0.052 513.9 350.9 546.0 373.1
b1c66a42-6f7d68ca 0.049 379.9 352.2 407.8 366.0
b1c66a42-6f7d68ca 0.047 1222.4 435.7 1280.0 525.0
b1c66a42-6f7d68ca 0.035 663.8 359.0 701.0 388.1
b1c66a42-6f7d68ca 0.035 220.5 372.1 292.1 440.6
b1c66a42-6f7d68ca 0.035 870.3 272.1 1280.0 650.0
b1c66a42-6f7d68ca 0.035 119.6 322.7 1014.8 713.5
b1c66a42-6f7d68ca 0.035 1073.8 338.8 1202.3 477.8
b1c66a42-6f7d68ca 0.033 1222.7 143.4 1260.0 200.2
b1c66a42-6f7d68ca 0.033 138.4 254.8 207.8 302.1
b1c66a42-6f7d68ca 0.033 1044.3 279.5 1105.5 327.5
b1c66a42-6f7d68ca 0.030 323.6 353.9 355.9 383.3
b1c66a42-6f7d68ca 0.027 670.6 349.7 743.6 392.3
b1c66a42-6f7d68ca 0.026 100.7 308.1 164.5 374.4
b1c66a42-6f7d68ca 0.025 443.0 360.2 464.4 374.7
b1c66a42-6f7d68ca 0.025 91.8 310.4 152.6 352.7
b1c66a42-6f7d68ca 0.020 426.4 359.7 450.1 373.3
b1c66a42-6f7d68ca 0.019 380.7 363.8 408.9 377.9
b1c66a42-6f7d68ca 0.018 452.2 358.0 473.1 373.6
b1c66a42-6f7d68ca 0.013 573.2 348.6 606.5 376.2
b1c66a42-6f7d68ca 0.012 170.0 274.8 284.7 390.2
b1c66a42-6f7d68ca 0.010 534.0 345.0 567.5 371.6
b1c66a42-6f7d68ca 0.010 1070.7 309.2 1171.7 351.8
b1c66a42-6f7d68ca 0.009 199.7 346.5 317.8 390.4
b1c66a42-6f7d68ca 0.009 479.9 358.6 498.9 376.4
b1c66a42-6f7d68ca 0.008 493.8 332.4 534.7 373.6
b1c66a42-6f7d68ca 0.008 408.3 353.0 445.7 373.3
b1c66a42-6f7d68ca 0.008 542.2 325.1 610.0 377.9
b1c66a42-6f7d68ca 0.008 142.6 265.4 198.0 291.0
b1c66a42-6f7d68ca 0.006 425.2 350.1 447.8 366.9
b1c66a42-6f7d68ca 0.005 560.7 339.1 607.3 372.3
b1c66a42-6f7d68ca 0.004 465.9 358.9 485.2 375.3
b1c66a42-6f7d68ca 0.003 542.6 338.6 582.6 368.8
b1c66a42-6f7d68ca 0.002 454.8 352.9 483.8 373.9
b1c66a42-6f7d68ca 0.001 466.4 353.3 494.5 376.1
b1c66a42-6f7d68ca 0.001 546.0 349.1 593.4 379.1
b1c66a42-6f7d68ca 0.000 476.0 345.9 505.4 377.3
b1c81faa-3df17267 0.224 1277.5 317.4 1280.0 372.7
b1c81faa-3df17267 0.207 722.6 115.2 826.2 247.0
b1c81faa-3df17267 0.177 991.2 294.8 1010.4 304.0
b1c81faa-3df17267 0.154 1277.4 330.8 1280.0 408.6
b1c81faa-3df17267 0.153 987.1 297.9 1005.9 306.7
b1c81faa-3df17267 0.141 764.1 122.3 835.9 203.8
b1c81faa-3df17267 0.081 1.0 241.5 742.6 675.1
b1c81faa-3df17267 0.056 642.7 103.9 846.2 272.3
b1c81faa-3df17267 0.056 994.1 296.2 1016.6 307.6
b1c81faa-3df17267 0.041 710.9 290.2 744.8 305.1
b1c81faa-3df17267 0.041 718.8 284.8 754.8 300.2
b1c81faa-3df17267 0.039 615.9 285.6 651.8 295.0
b1c81faa-3df17267 0.039 840.4 297.2 882.6 311.0
b1c81faa-3df17267 0.038 998.9 291.8 1018.8 303.2
b1c81faa-3df17267 0.038 731.2 287.1 760.0 301.1
b1c81faa-3df17267 0.031 707.6 283.7 741.9 297.3
b1c81faa-3df17267 0.025 919.3 297.9 945.7 308.9
b1c81faa-3df17267 0.024 677.3 285.1 710.1 295.0
b1c81faa-3df17267 0.024 873.5 296.7 897.9 306.3
b1c81faa-3df17267 0.016 625.3 287.3 660.1 296.7
b1c81faa-3df17267 0.015 639.1 285.9 674.8 294.4
b1c81faa-3df17267 0.013 815.7 204.1 855.5 231.8
b1c81faa-3df17267 0.013 604.0 284.1 642.6 293.7
b1c81faa-3df17267 0.013 729.0 282.0 769.7 299.9
b1c81faa-3df17267 0.013 831.6 301.2 866.5 311.6
b1c81faa-3df17267 0.011 661.3 282.0 701.4 291.8
b1c81faa-3df17267 0.010 650.5 286.5 688.6 295.8
b1c81faa-3df17267 0.010 564.9 298.9 592.9 309.0
b1c81faa-3df17267 0.010 696.4 287.4 735.3 301.9
b1c81faa-3df17267 0.010 586.9 284.6 623.3 294.2
b1c81faa-3df17267 0.009 1002.3 294.9 1028.0 307.6
b1c81faa-3df17267 0.007 821.1 301.8 853.6 311.8
b1c81faa-3df17267 0.007 568.1 294.8 598.4 306.4
b1c81faa-3df17267 0.007 832.4 296.0 865.5 307.3
b1c81faa-3df17267 0.006 627.1 283.3 663.0 293.1
b1c81faa-3df17267 0.006 583.6 290.9 629.2 302.0
b1c81faa-3df17267 0.006 994.5 285.7 1018.9 298.8
b1c81faa-3df17267 0.006 591.5 287.5 636.4 297.7
b1c81faa-3df17267 0.006 681.7 289.0 717.5 300.8
b1c81faa-3df17267 0.005 854.2 295.2 888.6 308.7
b1c81faa-3df17267 0.005 604.7 280.3 638.7 289.5
b1c81faa-3df17267 0.005 866.4 301.9 898.4 313.9
b1c81faa-3df17267 0.004 786.2 300.2 813.3 310.2
b1c81faa-3df17267 0.004 680.6 280.3 709.7 290.9
b1c81faa-3df17267 0.004 810.8 299.8 840.5 310.9
b1c81faa-3df17267 0.003 646.0 281.5 690.0 292.3
b1c81faa-3df17267 0.003 577.7 286.1 614.6 296.6
b1c81faa-3df17267 0.003 563.5 290.5 596.9 302.6
b1c81faa-3df17267 0.003 612.2 287.1 660.0 301.4
b1c81faa-3df17267 0.002 791.0 293.0 827.5 308.0
b1c81faa-3df17267 0.002 1024.7 290.6 1049.6 307.2
b1c81faa-3df17267 0.002 685.7 282.3 730.1 297.9
b1c81faa-c80764c5 0.913 357.6 267.0 445.4 329.0
b1c81faa-c80764c5 0.910 1280.0 557.9 1280.0 593.6
b1c81faa-c80764c5 0.910 1279.1 446.2 1280.0 486.7
b1c81faa-c80764c5 0.910 1277.1 503.6 1280.0 543.3
b1c81faa-c80764c5 0.706 613.6 285.7 642.7 305.1
b1c81faa-c80764c5 0.160 421.0 271.6 457.6 307.8
b1c81faa-c80764c5 0.155 433.6 275.7 469.7 296.3
b1c81faa-c80764c5 0.107 310.3 273.5 343.2 289.8
b1c81faa-c80764c5 0.097 452.4 268.5 483.4 286.1
b1c81faa-c80764c5 0.083 320.3 267.1 351.0 284.7
b1c81faa-c80764c5 0.079 722.1 283.9 772.5 307.0
b1c81faa-c80764c5 0.065 1276.9 480.1 1280.0 533.0
b1c81faa-c80764c5 0.063 466.4 280.5 494.3 295.2
b1c81faa-c80764c5 0.060 443.2 271.0 476.2 293.4
b1c81faa-c80764c5 0.057 473.3 276.9 503.8 290.8
b1c81faa-c80764c5 0.057 336.3 581.1 412.1 605.7
b1c81faa-c80764c5 0.033 9.8 233.7 518.8 635.9
b1c81faa-c80764c5 0.031 672.9 281.4 701.2 296.5
b1c81faa-c80764c5 0.029 505.9 277.6 529.9 288.7
b1c81faa-c80764c5 0.023 7.6 320.6 358.5 573.3
b1c81faa-c80764c5 0.021 509.2 285.4 528.7 294.2
b1c81faa-c80764c5 0.020 322.6 272.4 363.9 293.9
b1c81faa-c80764c5 0.020 593.7 282.6 614.3 295.3
b1c81faa-c80764c5 0.019 499.2 280.8 523.5 292.8
b1c81faa-c80764c5 0.019 599.5 285.3 620.2 299.2
b1c81faa-c80764c5 0.019 623.9 284.1 647.7 302.6
b1c81faa-c80764c5 0.018 451.2 280.9 483.6 299.6
b1c81faa-c80764c5 0.018 524.6 277.2 545.2 286.9
b1c81faa-c80764c5 0.017 720.0 242.9 829.4 311.2
b1c81faa-c80764c5 0.016 554.1 279.4 569.3 288.1
b1c81faa-c80764c5 0.015 606.5 284.6 629.4 301.8
b1c81faa-c80764c5 0.015 455.5 272.7 490.4 293.0
b1c81faa-c80764c5 0.015 714.0 282.3 753.8 304.7
b1c81faa-c80764c5 0.014 264.2 259.8 801.1 697.4
b1c81faa-c80764c5 0.013 500.9 274.4 524.3 287.7
b1c81faa-c80764c5 0.013 638.2 286.7 661.7 303.0
b1c81faa-c80764c5 0.011 69.9 239.1 95.8 250.6
b1c81faa-c80764c5 0.011 703.5 283.7 734.2 302.1
b1c81faa-c80764c5 0.010 685.1 277.4 720.6 295.1
b1c81faa-c80764c5 0.009 532.0 283.2 551.8 292.5
b1c81faa-c80764c5 0.009 348.3 261.8 395.8 299.0
b1c81faa-c80764c5 0.009 540.3 283.2 558.0 292.1
b1c81faa-c80764c5 0.008 531.6 278.6 550.9 289.0
b1c81faa-c80764c5 0.007 728.5 291.6 760.5 310.2
b1c81faa-c80764c5 0.006 523.1 283.0 544.3 293.1
b1c81faa-c80764c5 0.006 547.7 282.0 568.0 291.4
b1c81faa-c80764c5 0.004 636.6 280.3 659.2 298.4
b1c81faa-c80764c5 0.002 722.9 278.4 808.3 307.0
b1c81faa-c80764c5 0.002 706.8 274.0 740.9 296.3
b1c81faa-c80764c5 0.001 540.3 276.6 567.4 291.4
b1c9c847-3bda4659 0.977 456.6 263.8 588.7 406.8
b1c9c847-3bda4659 0.975 789.3 335.2 1215.3 512.3
b1c9c847-3bda4659 0.946 759.9 302.1 881.9 445.7
b1c9c847-3bda4659 0.914 385.9 341.4 448.4 373.5
b1c9c847-3bda4659 0.910 1279.2 291.0 1280.0 334.2
b1c9c847-3bda4659 0.910 1278.7 256.2 1280.0 309.3
b1c9c847-3bda4659 0.901 731.4 323.0 792.8 394.2
b1c9c847-3bda4659 0.897 150.6 346.5 269.1 404.8
b1c9c847-3bda4659 0.874 317.5 345.2 379.9 385.6
b1c9c847-3bda4659 0.852 21.2 343.4 190.0 414.4
b1c9c847-3bda4659 0.813 248.7 336.2 332.5 392.4
b1c9c847-3bda4659 0.674 714.6 328.0 748.6 372.3
b1c9c847-3bda4659 0.595 688.5 333.8 715.3 352.8
b1c9c847-3bda4659 0.356 1.0 316.8 50.3 426.5
b1c9c847-3bda4659 0.222 9.7 332.1 718.9 698.2
b1c9c847-3bda4659 0.150 329.8 333.2 754.6 616.3
b1c9c847-3bda4659 0.150 285.6 339.1 341.7 388.4
b1c9c847-3bda4659 0.131 820.6 326.3 1042.7 501.1
b1c9c847-3bda4659 0.062 692.9 328.8 752.3 358.1
b1c9c847-3bda4659 0.029 712.2 322.6 775.1 377.4
b1c9c847-3bda4659 0.026 965.3 360.3 1198.0 507.7
b1c9c847-3bda4659 0.024 647.9 331.8 673.8 347.9
b1c9c847-3bda4659 0.024 4.8 295.9 286.4 413.1
b1c9c847-3bda4659 0.021 519.4 248.7 605.0 307.5
b1c9c847-3bda4659 0.021 1107.3 174.3 1137.1 202.3
b1c9c847-3bda4659 0.017 616.8 287.9 1257.4 681.1
b1c9c847-3bda4659 0.017 19.9 339.4 94.4 420.0
b1c9c847-3bda4659 0.016 18.4 398.8 393.8 688.8
b1c9c847-3bda4659 0.016 407.3 304.3 468.3 354.8
b1c9c847-3bda4659 0.016 704.7 335.6 735.4 362.2
b1c9c847-3bda4659 0.016 351.1 339.6 397.9 370.0
b1c9c847-3bda4659 0.011 113.4 619.5 144.7 627.7
b1c9c847-3bda4659 0.010 644.1 324.2 672.1 343.5
b1c9c847-3bda4659 0.010 126.0 611.8 158.4 621.6
b1c9c847-3bda4659 0.009 630.5 325.7 662.7 345.9
b1c9c847-3bda4659 0.006 650.0 566.5 684.0 579.4
b1c9c847-3bda4659 0.005 643.5 571.1 680.1 584.7
b1ca2e5d-84cf9134 0.910 1280.7 315.3 1280.0 392.7
b1ca2e5d-84cf9134 0.910 1280.9 117.4 1280.0 172.0
b1ca2e5d-84cf9134 0.910 1279.8 360.0 1280.0 442.3
b1ca2e5d-84cf9134 0.877 416.9 268.5 636.6 465.1
b1ca2e5d-84cf9134 0.867 186.3 251.9 373.0 446.9
b1ca2e5d-84cf9134 0.857 622.3 283.0 787.6 380.4
b1ca2e5d-84cf9134 0.720 360.9 290.2 440.1 339.1
b1ca2e5d-84cf9134 0.657 1123.5 300.0 1155.8 350.0
b1ca2e5d-84cf9134 0.598 6.2 316.6 243.5 501.3
b1ca2e5d-84cf9134 0.558 1.0 216.5 623.0 576.2
b1ca2e5d-84cf9134 0.541 1078.0 302.5 1105.8 347.7
b1ca2e5d-84cf9134 0.368 12.4 228.5 388.3 500.5
b1ca2e5d-84cf9134 0.248 1276.2 299.8 1280.0 370.2
b1ca2e5d-84cf9134 0.162 97.7 297.2 194.4 348.4
b1ca2e5d-84cf9134 0.153 1232.1 293.7 1280.0 354.4
b1ca2e5d-84cf9134 0.106 325.9 250.1 701.1 522.3
b1ca2e5d-84cf9134 0.097 1277.2 194.2 1280.0 289.1
b1ca2e5d-84cf9134 0.087 1017.1 184.3 1269.5 569.0
b1ca2e5d-84cf9134 0.083 1272.0 291.8 1280.0 352.8
b1ca2e5d-84cf9134 0.080 1171.3 295.1 1215.6 351.6
b1ca2e5d-84cf9134 0.072 331.3 282.0 376.7 349.7
b1ca2e5d-84cf9134 0.037 1258.0 286.6 1280.0 351.3
b1ca2e5d-84cf9134 0.035 847.6 119.4 1280.0 627.7
b1ca2e5d-84cf9134 0.034 864.2 323.2 1280.0 563.6
b1ca2e5d-84cf9134 0.028 137.1 289.6 201.5 329.8
b1ca2e5d-84cf9134 0.027 236.7 262.2 365.3 386.1
b1ca2e5d-84cf9134 0.024 1.0 229.0 255.6 416.5
b1ca2e5d-84cf9134 0.022 308.6 281.3 367.2 366.8
b1ca2e5d-84cf9134 0.021 315.4 236.5 344.0 259.0
b1ca2e5d-84cf9134 0.017 421.7 468.6 457.0 480.0
b1ca2e5d-84cf9134 0.010 1.0 260.4 213.0 352.3