b1c66a42-6f7d68ca 0.978 788.9 360.0 912.6 431.7
b1c66a42-6f7d68ca 0.977 918.4 323.6 1234.9 486.9
b1c66a42-6f7d68ca 0.953 745.8 362.1 819.7 414.4
b1c66a42-6f7d68ca 0.943 21.2 345.1 135.9 405.3
b1c66a42-6f7d68ca 0.913 598.3 355.5 636.6 383.8
b1c66a42-6f7d68ca 0.905 729.9 368.3 772.5 406.3
b1c66a42-6f7d68ca 0.902 683.6 361.3 722.0 394.4
b1c66a42-6f7d68ca 0.901 882.1 372.5 994.4 455.2
b1c66a42-6f7d68ca 0.899 242.6 346.2 354.8 399.7
b1c66a42-6f7d68ca 0.849 4.2 339.6 62.9 409.6
b1c66a42-6f7d68ca 0.783 203.3 338.7 285.3 386.4
b1c66a42-6f7d68ca 0.752 702.2 368.2 746.5 400.4
b1c66a42-6f7d68ca 0.333 1202.8 417.1 1265.5 515.4
b1c66a42-6f7d68ca 0.288 446.4 353.9 484.7 374.5
b1c66a42-6f7d68ca 0.274 400.8 356.9 428.3 374.4
b1c66a42-6f7d68ca 0.258 213.1 359.1 295.2 464.3
b1c66a42-6f7d68ca 0.221 329.3 357.2 370.1 380.7
b1c66a42-6f7d68ca 0.218 360.8 356.4 393.6 376.7
b1c66a42-6f7d68ca 0.199 961.9 242.9 1034.1 310.4
b1c66a42-6f7d68ca 0.199 371.3 354.2 413.2 376.3
b1c66a42-6f7d68ca 0.157 409.2 355.2 438.2 374.0
b1c66a42-6f7d68ca 0.155 214.6 341.8 325.8 392.6
b1c66a42-6f7d68ca 0.129 582.2 352.7 609.6 376.6
b1c66a42-6f7d68ca 0.076 692.8 374.5 718.5 397.2
b1c66a42-6f7d68ca 0.070 574.8 341.6 610.2 373.5
b1c66a42-6f7d68ca 0.068 934.0 357.4 1034.7 463.2
b1c66a42-6f7d68ca 0.063 1209.4 427.7 1241.3 519.2
b1c66a42-6f7d68ca 0.049 1276.8 6.4 1280.3 102.0
b1c66a42-6f7d68ca 0.035 368.9 361.7 403.5 381.6
b1c66a42-6f7d68ca 0.034 398.3 360.9 434.2 379.0
b1c66a42-6f7d68ca 0.031 921.3 336.1 1105.1 475.7
b1c66a42-6f7d68ca 0.025 610.6 313.8 644.0 357.9
b1c66a42-6f7d68ca 0.022 1010.8 275.5 1117.0 350.1
b1c66a42-6f7d68ca 0.020 318.3 359.9 361.4 387.1
b1c66a42-6f7d68ca 0.016 437.1 356.9 465.1 373.7
b1c66a42-6f7d68ca 0.015 419.2 349.4 453.1 372.7
b1c66a42-6f7d68ca 0.011 1127.4 315.6 1252.2 475.1
b1c66a42-6f7d68ca 0.011 466.3 356.0 497.9 374.0
b1c66a42-6f7d68ca 0.010 645.6 346.9 681.1 382.0
b1c66a42-6f7d68ca 0.009 474.1 352.8 506.2 372.1
b1c66a42-6f7d68ca 0.008 453.2 350.2 490.8 370.0
b1c66a42-6f7d68ca 0.005 478.2 348.7 523.4 373.9
b1c81faa-3df17267 0.053 668.0 284.7 739.0 312.7
b1c81faa-3df17267 0.047 1276.3 11.4 1277.7 125.6
b1c81faa-c80764c5 0.970 354.4 265.5 451.9 330.6
b1c81faa-c80764c5 0.903 614.6 281.0 646.6 310.4
b1c81faa-c80764c5 0.826 584.4 155.6 685.9 228.3
b1c81faa-c80764c5 0.807 502.1 165.5 596.8 227.2
b1c81faa-c80764c5 0.289 1277.1 1.7 1277.6 111.3
b1c81faa-c80764c5 0.089 666.5 287.4 691.4 306.8
b1c81faa-c80764c5 0.048 741.1 227.8 825.1 307.0
b1c81faa-c80764c5 0.042 706.3 283.6 728.8 299.4
b1c81faa-c80764c5 0.030 656.7 279.8 690.9 303.8
b1c81faa-c80764c5 0.014 655.2 291.5 697.2 323.3
b1c81faa-c80764c5 0.014 664.8 272.5 717.1 302.7
b1c81faa-c80764c5 0.013 697.5 277.0 727.2 297.5
b1c81faa-c80764c5 0.013 661.3 273.7 689.2 297.0
b1c81faa-c80764c5 0.008 655.5 262.9 696.2 300.2
b1c9c847-3bda4659 0.987 809.8 311.0 1223.0 532.9
b1c9c847-3bda4659 0.986 449.1 254.3 596.1 415.1
b1c9c847-3bda4659 0.972 225.5 334.1 343.5 398.6
b1c9c847-3bda4659 0.969 1.8 333.0 184.4 427.6
b1c9c847-3bda4659 0.963 131.0 341.9 268.9 412.0
b1c9c847-3bda4659 0.959 384.6 338.1 453.4 377.1
b1c9c847-3bda4659 0.953 307.4 343.5 379.6 388.4
b1c9c847-3bda4659 0.941 758.3 295.6 925.8 444.7
b1c9c847-3bda4659 0.911 731.0 317.1 797.5 396.8
b1c9c847-3bda4659 0.879 713.3 326.7 759.2 376.0
b1c9c847-3bda4659 0.534 689.6 332.2 725.4 358.5
b1c9c847-3bda4659 0.362 5.4 317.9 50.9 426.2
b1c9c847-3bda4659 0.289 1277.6 6.3 1278.4 98.8
b1c9c847-3bda4659 0.289 1277.7 0.0 1279.7 86.7
b1c9c847-3bda4659 0.289 1278.8 24.2 1280.4 117.7
b1c9c847-3bda4659 0.289 1279.6 34.7 1280.4 107.0
b1c9c847-3bda4659 0.253 752.1 322.0 829.1 419.4
b1c9c847-3bda4659 0.113 1276.4 22.5 1278.5 121.1
b1c9c847-3bda4659 0.088 706.9 332.2 742.2 365.8
b1c9c847-3bda4659 0.064 611.4 330.1 651.6 361.5
b1c9c847-3bda4659 0.054 350.2 342.8 396.1 376.2
b1c9c847-3bda4659 0.046 152.9 382.2 187.2 414.0
b1c9c847-3bda4659 0.034 134.3 367.8 179.6 414.9
b1c9c847-3bda4659 0.032 434.1 294.5 501.8 367.9
b1c9c847-3bda4659 0.028 429.9 320.0 479.9 363.0
b1c9c847-3bda4659 0.016 675.5 328.7 711.5 356.4
b1c9c847-3bda4659 0.015 160.4 309.4 230.0 353.7
b1c9c847-3bda4659 0.014 571.6 267.1 641.6 305.9
b1c9c847-3bda4659 0.012 616.8 320.3 657.4 355.6
b1c9c847-3bda4659 0.010 673.3 317.5 706.0 347.0
b1c9c847-3bda4659 0.010 132.0 316.8 213.5 362.6
b1ca2e5d-84cf9134 0.974 636.0 278.9 794.1 388.9
b1ca2e5d-84cf9134 0.965 167.8 251.9 375.8 398.7
b1ca2e5d-84cf9134 0.962 390.3 256.1 657.7 459.6
b1ca2e5d-84cf9134 0.895 369.2 290.5 445.2 339.7
b1ca2e5d-84cf9134 0.858 3.0 244.0 252.5 514.6
b1ca2e5d-84cf9134 0.675 746.8 284.3 831.5 356.3
b1ca2e5d-84cf9134 0.118 32.5 229.9 673.6 525.0
b1ca2e5d-84cf9134 0.114 2.2 265.5 221.7 377.2
b1ca2e5d-84cf9134 0.098 319.0 264.0 382.4 327.8
b1ca2e5d-84cf9134 0.021 780.1 281.9 851.2 354.4
